NLIVmDCSGC	NLIVmDCIGC	NLIVmF1GS	NLIVmF1IGS
0.58947515	0.42726353	0.040672071	0.27242321
0.86735517	0.19169106	0.26191407	0.14523473
0.62496507	0.17400423	0.2703563	0.5347712
0.68752843	0.29490024	0.82915026	0.41599515
0.53788495	0.28455549	0.53321767	0.58855462
0.77600461	0.10632627	0.55586278	0.19935907
0.65746826	0.22602251	0.66652036	-0.11454291
0.36874342	0.42603904	0.97411227
0.24928127	0.31004411	0.19380262
0.73671526	0.52831322
0.50866532	0.10879176
0.55468947	0.29742178	
0.59966189	0.20370035
0.57277763
0.50798726
0.60629576
0.4177638
0.44485733
0.95657629
0.67867553
